00100100000010000000000000000110
00100100000010010000000000000000
00100100000010100000000000000010
00111100000000010001000000000001
00110100001100110000000000000000
00010001010010000000000000001000
00000001000010100000000000011010
00000000000000000101100000010000
00010001011000000000000000000010
00100001010010100000000000000001
00001000000100000000000000000101
00100100000011000000000000000000
10101110011011000000000000000000
00001000000100000000000000010000
00100100000011010000000000000001
10101110011011010000000000000000
00000000000011010010000000100001
00100100000000100000000000000001
00000000000000000000000000001100
00100100000000100000000000001010
00000000000000000000000000001100
